data	Argentina	Brazil	South_x0020_America_x0020__x0028_other_x0029_	Caribbean	Central_x0020_America	USA	Mexico	Canada	European_x0020_Union	Eastern_x0020_Europe_x0020__x0028_non_x002D_EU_x0029_	Northern_x0020_Europe_x0020__x0028_non_x002D_EU_x0029_	Southern_x0020_Europe_x0020__x0028_non_x002D_EU_x0029_	Switzerland	Central_x0020_Asia	Iran	Russia	Western_x0020_Asia	China	Korea	Mongolia	Japan	India	South_x002D_Eastern_x0020_Asia	Southern_x0020_Asia_x0020__x0028_other_x0029_	Eastern_x0020_Africa	Middle_x0020_Africa	Southern_x0020_Africa	Western_x0020_Africa	Algeria	Egypt	Morocco	Northern_x0020_Africa_x0020__x0028_other_x0029_	Australia_x0020_and_x0020_New_x0020_Zealand	Melanesia	Polynesia	
Argentina	0	5483883	1035861	0	0	1	0	0	38253	0	73	0	1117	0	727635	0	781912	0	0	0	0	0	115741	80401	94059	48852	252570	60655	45648	61773	73631	149544	0	0	0
Brazil	99	0	899	0	0	29	0	0	3	0	0	0	0	0	0	0	0	0	0	0	0	0	0	0	0	0	0	0	0	0	0	0	0	0	0
South_x0020_America_x0020__x0028_other_x0029_	63	14035	0	0	0	26	0	0	1	0	0	0	0	0	0	0	0	0	0	0	15	0	0	0	0	0	0	0	0	0	0	0	0	0	0
Caribbean	0	0	225	0	0	0	0	0	20822	0	0	0	0	0	0	0	0	0	0	0	0	0	0	0	0	0	0	0	0	0	0	0	0	0	0
Central_x0020_America	0	0	0	0	0	2	0	17	0	0	0	0	0	0	0	0	0	0	0	0	0	0	0	0	0	0	0	0	0	0	0	0	0	0	0
USA	7700	674793	2204219	940690	1037755	0	2484197	14164	1516075	0	14091	59299	1419	30000	0	35927	1406266	2285476	1323358	0	3100337	1073	2474417	398225	465114	57531	70813	2008740	262589	1964569	65106	182063	0	0	49
Mexico	0	0	49611	0	0	13224	0	0	0	0	0	0	322985	0	0	0	0	0	0	0	0	1	0	0	0	0	0	0	0	0	53798	0	0	0	0
Canada	0	64541	1734140	243231	183797	1766640	716948	0	877314	0	25781	0	92781	0	141311	32999	137007	422390	149407	0	1404155	0	1432896	86689	47368	46045	10999	499012	1134565	0	527848	615160	20744	0	0
European_x0020_Union	47	93168	61611	369955	0	85693	50	453	0	31698	201166	366720	152454	57	0	4783	962843	0	11000	0	1262	0	216810	144196	120399	395294	346372	996066	2531394	1965126	1174511	671871	48100	569	0
Eastern_x0020_Europe_x0020__x0028_non_x002D_EU_x0029_	0	119465	197780	216423	0	120429	0	182084	4595576	0	611	6141	52540	550	0	2156	547506	0	345383	0	9655	0	69672	0	78268	0	72765	186778	334493	450243	393767	502696	0	0	0
Northern_x0020_Europe_x0020__x0028_non_x002D_EU_x0029_	0	0	0	0	0	0	0	0	8	0	0	0	0	0	0	0	0	0	0	0	0	0	0	0	0	0	0	0	0	0	0	0	0	0	0
Southern_x0020_Europe_x0020__x0028_non_x002D_EU_x0029_	0	0	0	0	0	1	0	0	491769	6	0	0	98343	0	0	0	23	0	0	0	0	0	0	0	0	9140	21712	9450	15706	0	16502	0	0	0	0
Switzerland	1	0	0	0	0	0	0	0	125	0	0	0	0	0	0	0	0	0	0	0	0	0	0	0	0	0	0	0	0	0	0	0	0	0	0
Central_x0020_Asia	0	0	0	1029	0	5000	0	0	414912	70532	65992	0	2564	0	738899	224247	1106761	0	0	22769	0	0	13144	129633	0	0	0	33928	0	0	94800	449411	0	0	0
Iran	0	0	0	0	0	0	0	0	0	0	0	0	0	0	0	0	30	0	0	0	0	0	0	0	0	0	0	0	0	0	0	0	0	0	0
Russia	0	5002	17732	2960	0	1836	0	3379	4284151	208900	0	171140	8920	12007	99035	0	2045670	0	125469	80317	0	0	3834	5000	0	9050	0	46600	921271	1484555	584429	137454	0	0	0
Western_x0020_Asia	0	7	0	0	1	1	0	0	24153	0	11	0	5	7	576	0	0	0	79100	0	0	0	0	0	1592	0	0	11	535217	25750	0	0	10	0	0
China	0	0	0	0	0	0	0	4	0	0	0	0	0	0	0	0	0	0	1082654	0	1870	0	290706	6	0	0	0	0	0	0	0	0	0	0	0
Korea	0	0	0	0	0	0	0	0	0	0	0	0	0	0	0	0	0	0	0	0	0	0	0	0	0	0	0	0	0	0	0	0	0	0	0
Mongolia	0	0	0	0	0	0	0	0	0	0	0	0	0	0	0	0	0	0	0	0	0	0	0	0	0	0	0	0	0	0	0	0	0	0	0
Japan	0	0	0	0	0	0	0	0	1	0	0	0	0	0	0	0	0	20	0	0	0	0	0	0	0	0	0	0	0	0	0	0	0	0	0
India	0	0	0	0	0	44	0	16	61	0	0	0	0	0	18	0	229005	195222	136055	0	0	0	2028020	1179825	18	0	4	0	0	0	0	4	500	72	0
South_x002D_Eastern_x0020_Asia	0	0	0	0	0	2025	0	0	5001	0	0	0	0	0	0	0	20	2426	0	0	69	0	0	0	0	0	0	0	0	0	0	0	32	0	0
Southern_x0020_Asia_x0020__x0028_other_x0029_	0	0	0	0	0	0	0	0	0	0	0	0	0	2160	3259	0	297862	0	0	0	0	0	29035	0	132895	0	0	0	0	25000	0	63670	0	0	0
Eastern_x0020_Africa	0	0	40	0	0	0	0	0	45	0	0	0	0	0	0	0	177	0	0	0	200	0	0	0	0	1	0	0	0	110	0	0	0	0	0
Middle_x0020_Africa	0	0	0	0	0	0	0	0	0	0	0	0	0	0	0	0	0	0	0	0	0	0	0	0	0	0	0	0	0	0	0	0	0	0	0
Southern_x0020_Africa	0	0	0	0	0	0	0	0	60	0	0	0	0	0	0	0	0	36	0	0	0	0	18	0	162545	254	0	0	0	0	0	0	1	0	0
Western_x0020_Africa	0	0	0	0	0	0	0	39	0	0	0	0	0	0	0	0	8	0	0	0	0	0	0	0	0	0	0	0	0	0	0	0	0	0	0
Algeria	0	0	0	0	0	0	0	0	0	0	0	0	0	0	0	0	0	0	0	0	0	0	0	0	0	0	0	0	0	0	0	0	0	0	0
Egypt	0	0	0	0	0	0	0	0	0	0	0	0	0	0	0	0	422	100	0	0	0	0	0	0	0	0	0	0	0	0	0	2328	0	0	0
Morocco	0	0	0	0	0	0	0	0	0	0	0	0	0	0	0	0	0	0	0	0	0	0	0	0	0	0	0	0	0	0	0	0	0	0	0
Northern_x0020_Africa_x0020__x0028_other_x0029_	0	0	0	0	0	0	0	0	0	0	0	0	0	0	0	0	0	0	0	0	0	0	0	0	0	0	0	0	0	0	0	0	0	0	0
Australia_x0020_and_x0020_New_x0020_Zealand	0	0	24999	0	0	0	0	0	386235	0	416	0	1318	0	1838581	0	2898385	294540	1095510	0	1179686	0	3232221	400866	605242	0	53036	0	25652	1396073	193688	630586	0	251797	3
Melanesia	0	0	0	0	0	0	0	0	0	0	0	0	0	0	0	0	0	0	0	0	0	0	0	0	0	0	0	0	0	0	0	0	0	0	0
Polynesia	0	0	0	0	0	0	0	0	0	0	0	0	0	0	0	0	0	0	0	0	0	0	0	0	0	0	0	0	0	0	0	0	0	0	0
