data	data	data	Argentina	Brazil	South_x0020_America_x0020__x0028_other_x0029_	Caribbean	Central_x0020_America	USA	Mexico	Canada	European_x0020_Union	Eastern_x0020_Europe_x0020__x0028_non_x002D_EU_x0029_	Northern_x0020_Europe_x0020__x0028_non_x002D_EU_x0029_	Southern_x0020_Europe_x0020__x0028_non_x002D_EU_x0029_	Switzerland	Central_x0020_Asia	Iran	Russia	Western_x0020_Asia	China	Korea	Mongolia	Japan	India	South_x002D_Eastern_x0020_Asia	Southern_x0020_Asia_x0020__x0028_other_x0029_	Eastern_x0020_Africa	Middle_x0020_Africa	Southern_x0020_Africa	Western_x0020_Africa	Algeria	Egypt	Morocco	Northern_x0020_Africa_x0020__x0028_other_x0029_	Australia_x0020_and_x0020_New_x0020_Zealand	Melanesia	Polynesia	
1	15875772	Argentina	0	3444210	281195	0	0	0	0	0	645	0	0	0	1573	0	0	0	39830	0	0	0	0	0	0	0	94324	20420	83830	27280	0	45690	0	0	0	0	0
2	10536102	Brazil	0	0	59605	3000	0	268669	0	0	29	0	0	0	1	0	56686	0	0	0	93267	0	0	3500	520381	0	50750	1	135127	3	0	57300	0	75891	0	0	0
3	10716590	South_x0020_America_x0020__x0028_other_x0029_	0	0	0	0	0	63	0	0	37	0	0	0	0	0	0	0	0	0	0	0	4	0	0	0	0	0	0	0	0	0	0	0	0	0	0
4	1948287	Caribbean	0	0	275	0	0	0	0	0	0	0	0	0	0	0	0	0	0	0	0	0	0	0	0	0	0	0	0	0	0	0	0	0	0	0	0
5	1487870	Central_x0020_America	0	0	0	0	0	0	0	0	0	0	0	0	0	0	0	0	0	0	0	0	0	0	0	0	0	0	0	0	0	0	0	0	0	0	0
6	62608373	USA	115	482666	2818654	1018254	1389758	0	2451724	45911	1051063	0	0	0	17	0	0	0	1646552	2054300	1534897	0	3169761	0	2999832	223407	758891	49640	413026	3439661	211937	1562995	455943	194079	523	0	0
7	7027302	Mexico	0	0	69300	5500	35800	5323	0	6615	217223	0	0	0	0	0	0	0	15649	0	0	0	0	1	0	1	1	0	0	0	27500	0	0	54080	0	0	0
8	23219390	Canada	0	376123	2758143	421004	44227	2195500	871869	0	1729429	0	168	0	24076	38	0	0	1513399	625236	853896	27	1082594	0	1361854	2132428	52501	70828	188785	613491	501826	252003	529640	489563	1462	0	17000
10	143316707	European_x0020_Union	5	33043	137	404195	0	70529	27000	33	0	1924	384339	301353	284285	10	63869	561	3250008	0	544409	74	4447	5111	881550	450959	915426	751216	699707	1959506	4275002	2362443	2291953	2252137	8	23	0
11	19341146	Eastern_x0020_Europe_x0020__x0028_non_x002D_EU_x0029_	0	0	0	0	7254	5757	0	0	184202	0	0	15741	10422	240	57350	1462	1016111	28244	338272	0	13001	7512	393083	359816	603317	8020	935	6235	2862	745089	0	675611	0	0	0
12	736962	Northern_x0020_Europe_x0020__x0028_non_x002D_EU_x0029_	0	0	0	0	0	0	0	0	7	0	0	0	0	0	0	0	0	0	0	0	0	0	0	0	0	0	0	0	0	0	0	0	0	0	0
13	3472995	Southern_x0020_Europe_x0020__x0028_non_x002D_EU_x0029_	0	0	0	0	1140	0	0	1	417534	10	0	0	2227	0	75	0	43707	0	0	0	0	0	0	0	55109	0	0	0	0	0	0	43177	225	0	0
15	846630	Switzerland	1	0	0	0	0	0	0	0	173	10	0	0	0	0	0	0	13	0	0	0	0	0	0	0	0	0	0	0	0	0	0	0	0	0	0
17	20219611	Central_x0020_Asia	0	0	0	0	0	0	0	0	0	0	0	0	0	0	0	0	0	0	0	0	0	0	0	0	0	0	0	0	0	0	0	0	0	0	0
18	14083678	Iran	0	0	0	0	0	0	0	0	0	0	0	0	0	0	0	0	402082	0	0	0	0	47480	3030	67736	0	0	0	0	0	0	0	0	0	0	0
19	41509603	Russia	0	28715	0	96332	0	0	0	0	143538	4632	21097	158566	0	4079	344345	0	4428156	8588	66170	56051	34020	3986	224239	145752	586589	93	0	0	0	4841447	6001	644765	0	0	0
20	43275008	Western_x0020_Asia	0	95	0	0	0	53	0	1	225387	0	0	0	9	0	0	0	0	0	30000	0	40	38	117378	164537	10230	2	14	2	5250	133824	0	93621	6	0	0
21	235107092	China	0	0	0	0	0	44	0	0	0	0	0	0	0	0	0	0	0	0	0	0	0	0	44	24	0	0	0	0	0	0	0	0	0	0	0
22	4616820	Korea	0	0	0	0	0	0	0	0	0	0	0	0	0	0	0	0	0	0	0	0	0	0	0	0	0	0	0	0	0	0	0	0	0	0	0
23	401610	Mongolia	0	0	0	0	0	0	0	0	0	0	0	0	0	0	0	0	0	0	0	0	0	0	0	0	0	0	0	0	0	0	0	0	0	0	0
24	5949577	Japan	0	0	0	0	0	0	0	0	0	0	0	0	0	0	0	0	0	0	0	0	0	0	0	0	0	0	0	0	0	0	0	0	0	0	0
25	81184690	India	0	0	0	2	0	24	2	3	24	0	0	0	0	0	0	0	14	2	0	0	8	0	27	228	2	0	0	0	0	0	0	0	12	0	0
26	13494652	South_x002D_Eastern_x0020_Asia	0	0	0	0	0	0	0	0	0	0	0	0	0	0	0	0	0	18	1	0	1	0	0	15	0	0	0	0	0	0	0	0	0	0	0
27	34787093	Southern_x0020_Asia_x0020__x0028_other_x0029_	0	0	0	0	0	0	0	0	0	0	0	0	0	0	0	0	0	0	0	0	0	45	4749	0	0	0	0	0	0	0	0	0	0	0	0
28	7570171	Eastern_x0020_Africa	0	0	0	0	0	0	0	0	0	0	0	0	0	0	0	0	350	0	0	0	0	0	0	0	0	79	4378	0	0	0	0	463	0	0	0
29	923543	Middle_x0020_Africa	0	0	0	0	0	0	0	0	0	0	0	0	0	0	0	0	0	0	0	0	0	0	0	0	0	0	0	0	0	0	202	0	0	0	0
30	3069864	Southern_x0020_Africa	0	0	0	0	0	0	0	0	0	0	0	0	0	0	0	0	1	176	0	0	0	0	22	0	18095	3	0	0	0	0	0	0	0	0	0
31	6191689	Western_x0020_Africa	0	0	0	0	0	0	0	0	0	0	0	0	3	0	0	0	0	0	0	0	0	0	0	0	0	0	0	0	0	0	0	0	0	0	0
32	7662555	Algeria	0	0	0	0	0	0	0	0	0	0	0	0	0	0	0	0	0	0	0	0	0	0	0	0	0	0	0	0	0	0	0	0	0	0	0
33	17770905	Egypt	0	0	0	0	0	0	0	0	0	0	0	0	0	0	0	0	0	0	0	0	0	0	0	0	0	0	0	0	0	0	0	0	0	0	0
34	8204179	Morocco	0	0	0	0	0	0	0	0	0	0	0	0	0	0	0	0	0	0	0	0	0	0	0	0	0	0	0	255	0	0	0	0	0	0	0
35	6481538	Northern_x0020_Africa_x0020__x0028_other_x0029_	0	0	0	0	0	0	0	0	0	0	0	0	0	0	0	0	0	0	0	0	0	0	0	0	0	0	0	0	0	0	0	0	0	0	0
36	22585127	Australia_x0020_and_x0020_New_x0020_Zealand	0	0	4875	0	0	0	0	26	191670	0	0	0	0	0	61357	0	2105135	2027922	956792	0	1074401	313417	6803253	936488	380347	0	80993	355	33000	592715	44300	627151	0	387667	701
38	387700	Melanesia	0	0	0	0	0	1	0	0	0	0	0	0	0	0	0	0	0	0	0	0	0	0	0	0	0	0	0	0	0	0	0	0	0	0	0
39	17701	Polynesia	0	0	0	0	0	0	0	0	0	0	0	0	0	0	0	0	0	0	0	0	0	0	0	0	0	0	0	0	0	0	0	0	0	0	0
