data	data	Argentina	Brazil	South_x0020_America_x0020__x0028_other_x0029_	Caribbean	Central_x0020_America	USA	Mexico	Canada	North_x0020_America_x0020__x0028_other_x0029_	European_x0020_Union	Eastern_x0020_Europe_x0020__x0028_non_x002D_EU_x0029_	Northern_x0020_Europe_x0020__x0028_non_x002D_EU_x0029_	Southern_x0020_Europe_x0020__x0028_non_x002D_EU_x0029_	Switzerland	Central_x0020_Asia	Iran	Russia	Western_x0020_Asia	China	Korea	Mongolia	Japan	India	South_x002D_Eastern_x0020_Asia	Southern_x0020_Asia_x0020__x0028_other_x0029_	Eastern_x0020_Africa	Middle_x0020_Africa	Southern_x0020_Africa	Western_x0020_Africa	Algeria	Egypt	Morocco	Northern_x0020_Africa_x0020__x0028_other_x0029_	Australia_x0020_and_x0020_New_x0020_Zealand	Micronesia	Melanesia	Polynesia	
1	Argentina	0	18421	4345867	154344	10403	10761	1158	453	0	419259	381	1196	1323	398	0	2297461	788	1432680	1026508	255410	0	852247	24662	2896472	509	87642	12765	12041	80725	1947968	1246478	830709	57471	324	0	0	0
2	Brazil	3029	0	1059438	271141	20997	3063	1050	0	0	1649705	0	0	0	3	0	1490644	0	1105540	2261412	190604	0	606623	0	1517190	625	1	22695	27503	97	294499	307085	958594	154442	0	0	0	0
3	South_x0020_America_x0020__x0028_other_x0029_	1918	141	0	150	288	44501	395	769	0	16790	0	0	0	11	0	0	0	103	518	2	0	1156	0	0	0	0	0	63	0	0	0	0	0	1	0	0	0
4	Caribbean	0	0	6026	0	0	0	0	0	0	0	0	0	0	0	0	0	0	0	0	0	0	0	0	0	0	0	0	0	0	0	0	0	0	0	0	0	0
5	Central_x0020_America	0	0	213	0	0	43	491	0	0	0	0	0	0	24	0	0	0	0	0	0	0	0	0	0	0	0	0	0	0	0	0	0	0	0	0	0	0
6	USA	984	317	2556695	1805133	2525252	0	7938329	1570661	11	249484	564	2314	104	211	167	0	3530	2757952	8883036	7011681	0	15499230	399	291729	3365	11610	74	804	6706	64462	3616449	237854	303969	193	0	0	4519
7	Mexico	3	1	496740	142	57624	4023	0	9	0	71	0	0	1	0	0	0	0	1	0	0	0	0	0	0	1	0	0	0	0	0	1	0	0	0	0	0	0
8	Canada	0	0	34	184	0	292345	0	0	3	125293	874	7421	0	0	0	0	63	111302	252	0	0	0	0	0	0	0	0	0	0	25379	12000	0	281701	0	0	0	0
9	North_x0020_America_x0020__x0028_other_x0029_	0	0	0	0	0	0	0	0	0	0	0	0	0	0	0	0	0	0	0	0	0	0	0	0	0	0	0	0	0	0	0	0	0	0	0	0	0
10	European_x0020_Union	14	0	206	0	1134	420	57	35	15	0	25264	70494	44776	101141	97	452	13263	557545	352	344116	1	1288	0	27	63	933	10106	20	4961	200636	74733	4015	243357	165	0	0	0
11	Eastern_x0020_Europe_x0020__x0028_non_x002D_EU_x0029_	0	0	0	6258	252	0	0	0	0	402547	0	0	0	1321	3323	36196	17032	856246	0	0	0	153554	0	0	0	6000	0	0	0	55391	911807	0	427097	0	0	0	0
12	Northern_x0020_Europe_x0020__x0028_non_x002D_EU_x0029_	0	0	0	0	0	0	0	0	0	10	0	0	0	0	0	0	0	0	0	0	0	0	0	0	0	0	0	0	0	0	0	0	0	0	0	0	0
13	Southern_x0020_Europe_x0020__x0028_non_x002D_EU_x0029_	0	0	0	0	77	0	0	0	0	1517767	385	0	0	2379	0	964	1062	25667	0	0	0	0	0	0	0	0	0	0	0	0	0	0	24760	0	0	0	0
15	Switzerland	0	0	1	0	0	0	0	0	0	103	0	0	0	0	0	0	0	0	0	0	0	0	0	0	0	0	0	0	0	0	0	0	0	0	0	0	0
17	Central_x0020_Asia	0	0	0	0	0	0	0	0	0	0	0	0	0	0	0	57	0	0	0	0	0	0	0	0	0	0	0	0	0	0	0	0	0	0	0	0	0
18	Iran	0	0	0	0	0	0	0	0	0	0	0	0	0	0	0	0	0	7	0	0	0	0	0	0	0	0	0	0	0	0	0	0	0	0	0	0	0
19	Russia	0	0	0	0	0	0	0	0	0	0	353	0	0	0	108	64224	0	157198	0	0	0	0	0	0	0	0	0	0	0	0	0	0	7118	0	0	0	0
20	Western_x0020_Asia	0	5	0	0	0	4	23	0	0	7025	497	0	782	5	46	332	0	0	70	0	0	0	0	0	36	666	4	25	8	0	1516	0	30	0	0	60	0
21	China	0	0	0	0	0	0	0	0	0	0	0	0	0	0	0	0	0	0	0	197476	1960	54976	0	26	220	0	0	0	0	0	0	0	0	0	0	0	0
22	Korea	0	0	0	0	0	9	0	0	0	0	0	0	0	0	0	0	0	0	0	0	19	41	0	4	0	0	0	0	0	0	0	0	0	0	0	0	0
23	Mongolia	0	0	0	0	0	0	0	0	0	0	0	0	0	0	0	0	0	0	0	0	0	0	0	0	0	0	0	0	0	0	0	0	0	0	0	0	0
24	Japan	0	0	0	0	0	0	0	0	0	0	0	0	0	0	0	0	0	0	0	0	0	0	0	0	0	0	0	0	0	0	0	0	0	0	0	0	0
25	India	0	60	0	0	0	23	0	0	0	1141	0	0	0	0	0	0	0	66990	84530	2107	0	5449	0	1353156	799626	4040	0	70	0	0	331	0	18070	64	0	3	0
26	South_x002D_Eastern_x0020_Asia	4	0	274	0	0	1	0	0	0	0	5	0	0	0	0	0	0	7	17858	89	0	6701	83	0	2044	44	0	11	1	0	0	0	0	0	0	14	0
27	Southern_x0020_Asia_x0020__x0028_other_x0029_	0	0	0	0	0	12	0	0	0	97	0	0	0	0	0	91	0	1603	0	22	0	0	61	219480	0	1282	0	0	0	0	0	0	0	0	0	0	0
28	Eastern_x0020_Africa	0	0	0	0	0	13	0	0	0	9314	0	0	0	0	0	0	0	4025	200	0	0	0	1482	26	0	0	3064	2194	0	0	0	0	41627	29	0	0	0
29	Middle_x0020_Africa	0	0	0	0	0	0	0	0	0	0	0	0	0	0	0	0	0	0	0	0	0	0	0	0	0	0	0	0	0	0	0	0	0	0	0	0	0
30	Southern_x0020_Africa	800	0	5	0	0	1	33	1	0	80452	0	0	0	1	0	40729	0	51390	110000	358458	0	99680	0	102601	0	405220	14747	0	29925	0	60	0	45	26	0	0	0
31	Western_x0020_Africa	0	0	0	0	0	0	0	0	0	2079	0	0	0	0	0	0	0	0	900	0	0	0	0	0	0	0	120	0	0	0	0	0	0	0	0	0	0
32	Algeria	0	0	0	0	0	0	0	0	0	0	0	0	0	0	0	0	0	0	0	0	0	0	0	0	0	0	0	0	0	0	0	0	0	0	0	0	0
33	Egypt	0	0	0	0	0	0	0	0	0	0	0	0	0	0	0	0	0	0	0	0	0	0	0	0	0	0	0	0	0	0	0	0	0	0	0	0	0
34	Morocco	0	0	0	0	0	0	0	0	0	0	0	0	0	0	0	0	0	0	0	0	0	0	0	0	0	0	0	0	446	0	0	0	3	0	0	0	0
35	Northern_x0020_Africa_x0020__x0028_other_x0029_	0	0	0	0	0	0	0	0	0	0	0	0	0	0	0	0	0	0	0	0	0	0	0	0	0	0	0	0	0	0	0	0	0	0	0	0	0
36	Australia_x0020_and_x0020_New_x0020_Zealand	0	0	0	0	3	79	0	0	0	982	0	0	0	0	0	0	0	28	56	9792	0	377	0	1	0	0	0	1	0	0	0	0	0	0	1	2033	7
37	Micronesia	0	0	0	0	0	0	0	0	0	0	0	0	0	0	0	0	0	0	0	0	0	0	0	0	0	0	0	0	0	0	0	0	0	0	0	0	0
38	Melanesia	0	0	0	0	0	0	0	0	0	0	0	0	0	0	0	0	0	0	0	0	0	0	0	0	0	0	0	0	0	0	0	0	0	0	0	0	0
39	Polynesia	0	0	0	0	0	0	0	0	0	0	0	0	0	0	0	0	0	0	0	0	0	0	0	0	0	0	0	0	0	0	0	0	0	0	0	0	0
