data	data	data	Argentina	Brazil	South_x0020_America_x0020__x0028_other_x0029_	Caribbean	Central_x0020_America	USA	Mexico	Canada	North_x0020_America_x0020__x0028_other_x0029_	European_x0020_Union	Eastern_x0020_Europe_x0020__x0028_non_x002D_EU_x0029_	Northern_x0020_Europe_x0020__x0028_non_x002D_EU_x0029_	Southern_x0020_Europe_x0020__x0028_non_x002D_EU_x0029_	Switzerland	Central_x0020_Asia	Iran	Russia	Western_x0020_Asia	China	Korea	Mongolia	Japan	India	South_x002D_Eastern_x0020_Asia	Southern_x0020_Asia_x0020__x0028_other_x0029_	Eastern_x0020_Africa	Middle_x0020_Africa	Southern_x0020_Africa	Western_x0020_Africa	Algeria	Egypt	Morocco	Northern_x0020_Africa_x0020__x0028_other_x0029_	Australia_x0020_and_x0020_New_x0020_Zealand	Micronesia	Melanesia	Polynesia	
1	15361784	Argentina	0	130010	2071995	110757	95853	12212	0	35	0	1339700	0	16117	45524	0	0	411806	169	2182309	116048	1010348	0	500637	554	834971	64567	75988	16014	25	39885	308521	889941	291305	374712	0	0	0	0
2	42365974	Brazil	128	0	93277	15750	25058	2224	393	1	0	1541765	0	31500	17600	290745	20386	657561	0	277177	0	1791672	0	583232	0	52789	0	0	8717	33300	9267	0	117537	42000	16900	0	0	0	0
3	12499921	South_x0020_America_x0020__x0028_other_x0029_	315	279844	0	1633	63	41828	0	1449	0	190427	0	0	0	33769	0	0	0	0	142	0	0	1325	0	0	0	180	0	0	0	0	0	0	0	74	0	0	0
4	2066161	Caribbean	0	0	757	0	3	0	0	0	0	0	0	0	0	0	0	0	0	0	0	0	0	0	0	0	0	0	0	0	0	0	0	0	0	0	0	0	0
5	4829690	Central_x0020_America	0	0	993	0	0	38	116	0	0	0	0	0	0	0	0	0	0	0	0	0	0	0	0	0	0	0	0	0	0	0	0	0	0	0	0	0	0
6	241584465	USA	1662	791	3017992	1416023	1974126	0	5654794	3085539	29	201280	260	16687	15053	641	0	0	92292	2865812	9763150	3059936	1	13974530	298	671893	1475	74420	15110	21226	25241	1238715	4199253	493717	526531	481	0	94	3503
7	25789603	Mexico	0	0	800	49	5724	4616	0	1	0	16	0	0	0	0	0	0	1	0	0	0	0	0	0	0	25	0	0	0	0	0	0	0	0	0	0	0	0
8	11476480	Canada	0	0	110	250	639	145550	0	0	0	2242	0	15	0	0	0	0	0	106	0	0	0	21	0	0	0	0	0	0	0	0	0	192	88	0	0	0	0
9	34	North_x0020_America_x0020__x0028_other_x0029_	0	0	0	0	0	0	0	0	0	0	0	0	0	0	0	0	0	0	0	0	0	0	0	0	0	0	0	0	0	0	0	0	0	0	0	0	0
10	64945035	European_x0020_Union	60	0	119	0	0	2199	0	255	5	0	2311	7486	567570	20981	72	2	126044	29750	98	216	2	9503	0	0	0	8016	19230	19	10748	23993	0	3370	20358	13	0	4	0
11	4791924	Eastern_x0020_Europe_x0020__x0028_non_x002D_EU_x0029_	0	0	0	0	0	0	0	0	0	16211	0	0	0	0	13	0	2194	689	0	0	0	0	0	0	0	0	0	0	0	0	0	0	0	0	0	0	0
12	71807	Northern_x0020_Europe_x0020__x0028_non_x002D_EU_x0029_	0	0	0	0	0	0	0	0	0	10	0	0	0	0	0	0	0	0	0	0	0	0	0	0	0	0	0	0	0	0	0	0	0	0	0	0	0
13	9876307	Southern_x0020_Europe_x0020__x0028_non_x002D_EU_x0029_	0	0	0	0	0	0	0	0	0	6756	33	0	0	0	10	300	2665	621	0	0	0	0	0	0	0	0	0	0	0	0	0	0	0	0	0	0	0
15	572901	Switzerland	0	0	0	0	0	0	0	0	0	274	0	0	0	0	0	0	0	0	0	6	0	0	0	1	0	0	0	0	0	0	0	0	0	0	0	0	0
17	963002	Central_x0020_Asia	0	0	0	0	0	0	0	0	0	0	0	0	0	0	0	0	3786	0	0	0	0	0	0	0	0	0	0	0	0	0	0	0	0	0	0	0	0
18	2134273	Iran	0	0	0	0	0	0	0	0	0	0	0	0	0	0	0	0	0	0	0	0	0	0	0	0	0	0	0	0	0	0	0	0	0	0	0	0	0
19	1091243	Russia	0	0	0	0	0	0	0	0	0	0	0	0	0	0	53	0	0	446	0	0	0	0	0	0	0	0	0	0	0	0	0	0	0	0	0	0	0
20	8570103	Western_x0020_Asia	0	0	0	0	0	2	0	0	0	7511	0	1	1432	0	0	0	0	0	0	0	0	0	0	17	0	0	0	10	0	0	0	0	0	0	0	0	0
21	238631990	China	0	0	0	0	0	0	0	0	0	2	0	0	0	0	0	0	16600	0	0	6909004	1200	821658	0	3694090	459386	0	0	0	0	0	0	0	0	0	0	0	0
22	14320696	Korea	0	0	0	0	0	0	0	0	0	0	0	0	0	0	0	0	0	0	0	0	0	17	0	0	0	0	0	0	0	0	0	0	0	0	0	0	0
23	1203	Mongolia	0	0	0	0	0	0	0	0	0	0	0	0	0	0	0	0	0	0	0	0	0	0	0	0	0	0	0	0	0	0	0	0	0	0	0	0	0
24	16344087	Japan	0	0	0	0	0	0	0	0	0	0	0	0	0	0	0	0	0	0	0	0	0	0	0	0	0	0	0	0	0	0	0	0	0	0	0	0	0
25	13161117	India	0	0	0	0	0	360	0	0	0	200	0	0	0	0	0	200	100	723	0	0	0	100	0	13483	96244	2072	0	0	0	0	0	0	0	22	0	0	0
26	26758258	South_x002D_Eastern_x0020_Asia	0	0	0	2	0	74	0	0	0	86	0	0	0	0	0	0	0	3	229176	850	0	11219	0	0	3053	20	0	0	0	0	14000	0	0	4	0	0	0
27	4093142	Southern_x0020_Asia_x0020__x0028_other_x0029_	0	0	0	0	0	0	0	0	0	0	0	0	0	0	0	0	0	0	0	0	0	0	0	0	0	0	0	0	0	0	0	0	0	0	0	0	0
28	16034981	Eastern_x0020_Africa	0	0	0	0	0	0	0	0	0	7316	0	1	1	0	0	0	0	26	0	0	0	0	0	0	0	0	10098	3687	0	0	0	0	103	0	0	0	0
29	2685522	Middle_x0020_Africa	0	0	0	0	0	0	0	0	0	0	0	0	0	0	0	0	0	0	0	0	0	0	0	0	0	0	0	0	0	0	0	0	0	0	0	0	0
30	8103689	Southern_x0020_Africa	222	65	516	0	0	323	0	0	0	2261	0	0	538	65	0	215	172	4038	370	0	0	435916	65	2345	504	136348	33264	0	2444	215	323	753	343	10	0	0	0
31	8902789	Western_x0020_Africa	0	0	0	0	0	4	0	0	0	35	0	0	0	0	0	0	0	0	0	0	0	0	0	0	0	0	14	0	0	0	0	0	0	0	0	0	0
32	1572531	Algeria	0	0	0	0	0	0	0	0	0	0	0	0	0	0	0	0	0	0	0	0	0	0	0	0	0	0	0	0	0	0	0	0	0	0	0	0	0
33	11314632	Egypt	0	0	0	0	0	0	0	0	0	347	0	0	0	0	0	0	0	335	0	0	0	0	0	0	500	0	0	0	0	0	0	0	164	0	0	0	0
34	884897	Morocco	0	0	0	0	0	0	0	0	0	0	0	0	0	0	0	0	0	0	0	0	0	0	0	0	0	0	0	0	0	0	0	0	0	0	0	0	0
35	994229	Northern_x0020_Africa_x0020__x0028_other_x0029_	0	0	0	0	0	0	0	0	0	0	0	0	0	2400	0	0	0	0	0	0	0	0	0	0	0	0	0	0	0	0	0	0	0	0	0	0	0
36	522404	Australia_x0020_and_x0020_New_x0020_Zealand	0	0	0	0	0	0	0	0	0	134	0	0	0	0	0	0	0	497	15016	8664	0	5759	0	341	5722	32	0	20	0	0	0	0	30	0	4	237	2448
37	96	Micronesia	0	0	0	0	0	0	0	0	0	0	0	0	0	0	0	0	0	0	0	0	0	0	0	0	0	0	0	0	0	0	0	0	0	0	0	0	0
38	14320	Melanesia	0	0	0	0	0	0	0	0	0	0	0	0	0	0	0	0	0	0	0	0	0	0	0	0	0	0	0	0	0	0	0	0	0	0	0	0	0
39	5951	Polynesia	0	0	0	0	0	0	0	0	0	0	0	0	0	0	0	0	0	0	0	0	0	0	0	0	0	0	0	0	0	0	0	0	0	0	0	0	0
