data	data	Argentina	Brazil	South_x0020_America_x0020__x0028_other_x0029_	Caribbean	Central_x0020_America	USA	Mexico	Canada	North_x0020_America_x0020__x0028_other_x0029_	European_x0020_Union	Eastern_x0020_Europe_x0020__x0028_non_x002D_EU_x0029_	Northern_x0020_Europe_x0020__x0028_non_x002D_EU_x0029_	Southern_x0020_Europe_x0020__x0028_non_x002D_EU_x0029_	Switzerland	Central_x0020_Asia	Iran	Russia	Western_x0020_Asia	China	Korea	Mongolia	Japan	India	South_x002D_Eastern_x0020_Asia	Southern_x0020_Asia_x0020__x0028_other_x0029_	Eastern_x0020_Africa	Middle_x0020_Africa	Southern_x0020_Africa	Western_x0020_Africa	Algeria	Egypt	Morocco	Northern_x0020_Africa_x0020__x0028_other_x0029_	Australia_x0020_and_x0020_New_x0020_Zealand	Micronesia	Melanesia	Polynesia	
1	Argentina	0	21297	2392071	28907	944	24655	969	265	0	313707	229	611	1586	599	0	1087944	1347	993763	564	167348	0	192021	15784	824101	429	69609	22506	630	95698	1052857	827726	379772	18038	246	0	0	0
2	Brazil	1803	0	1016679	12615	62	2416	1458	0	0	270689	0	0	0	2	0	1767387	0	1034684	1457914	597977	0	269438	0	1235717	54	2	33506	27500	27506	258958	0	417867	76626	0	0	0	0
3	South_x0020_America_x0020__x0028_other_x0029_	28542	1210140	0	25014	231	44959	485	208	0	44345	0	0	0	124223	0	0	0	24	528	0	0	1431	0	1375	18	0	0	922	6047	52944	0	26565	0	0	0	0	0
4	Caribbean	0	0	9186	0	0	0	0	0	0	0	0	0	0	0	0	0	0	0	0	0	0	0	0	0	0	0	0	0	0	0	0	0	0	0	0	0	0
5	Central_x0020_America	16	0	12	9	0	1	0	0	0	0	0	0	0	0	0	0	0	0	0	0	0	0	0	0	0	0	0	0	0	0	0	0	0	0	0	0	0
6	USA	1338	592	3528324	2015630	2523384	0	7199945	1927831	42	41224	1590	805	183	163	85	64292	2537	1610137	7882204	6058707	0	15264930	1505	195859	2881	195535	23340	658	88	95250	2276249	707650	117634	122	0	0	3780
7	Mexico	4	0	279567	40	2055	7557	0	4	0	52	0	0	0	0	0	0	0	0	0	0	0	0	0	0	0	0	0	0	0	0	0	0	0	0	18	0	0
8	Canada	0	0	0	217	7	163584	0	0	2	3911	707	8490	0	0	0	0	1315	18168	0	0	0	0	0	0	0	0	0	0	0	16500	19131	0	20	0	0	0	0
9	North_x0020_America_x0020__x0028_other_x0029_	0	0	0	0	0	0	0	0	0	0	0	0	0	0	0	0	0	0	0	0	0	0	0	0	0	0	0	0	0	0	0	0	0	0	0	0	0
10	European_x0020_Union	29	0	305	1	0	216	19	23	12	0	11004	45833	22239	67919	24	60	7784	370270	128	325280	0	1355	0	27	1164	1161	14666	132	20837	124980	61309	14295	115996	23	0	2	0
11	Eastern_x0020_Europe_x0020__x0028_non_x002D_EU_x0029_	0	0	0	0	0	1618	0	0	0	815296	0	0	5258	25713	15368	649117	18238	2016599	40	125832	0	293443	0	93361	0	123281	0	0	0	348667	1628560	97838	847904	0	0	0	0
12	Northern_x0020_Europe_x0020__x0028_non_x002D_EU_x0029_	0	0	0	0	0	0	0	0	0	0	0	0	0	0	0	0	0	0	0	0	0	0	0	0	0	0	0	0	0	0	0	0	0	0	0	0	0
13	Southern_x0020_Europe_x0020__x0028_non_x002D_EU_x0029_	0	0	0	0	0	0	0	0	0	1667426	371	0	0	0	0	261	1219	10660	0	0	21	0	0	0	15	0	0	0	0	0	0	0	36954	0	0	0	0
15	Switzerland	0	0	0	0	0	1	0	0	0	96	0	0	0	0	0	0	0	0	0	0	0	0	0	0	0	0	0	0	0	0	0	0	0	0	0	0	0
17	Central_x0020_Asia	0	0	0	0	0	0	0	0	0	0	0	0	0	0	0	0	291	0	0	0	0	0	0	0	0	0	0	0	0	0	0	0	0	0	0	0	0
18	Iran	0	0	0	0	0	0	0	0	0	0	0	0	0	0	0	0	0	0	0	0	0	0	0	0	0	0	0	0	0	0	0	0	0	0	0	0	0
19	Russia	0	0	0	0	0	0	0	0	0	36816	44	0	3340	0	11479	83332	0	572596	0	0	0	0	0	0	0	0	0	0	0	16000	573467	0	59882	0	0	0	0
20	Western_x0020_Asia	0	0	0	0	0	1	3	1	0	19230	157	0	879	1	10	66	1	0	0	0	0	54	24	2974	174	4	0	0	24	1	29717	21	25	0	0	0	0
21	China	0	0	0	0	0	0	0	0	0	0	0	0	0	0	0	0	0	0	0	206652	0	38886	0	18	364	600	0	0	0	0	0	0	0	0	0	0	0
22	Korea	0	0	0	0	0	5	0	0	0	0	0	0	0	0	0	0	0	0	6	0	9	54	0	0	0	0	0	0	0	0	0	0	0	0	0	0	0
23	Mongolia	0	0	0	0	0	0	0	0	0	0	0	0	0	0	0	0	0	0	0	0	0	0	0	0	0	0	0	0	0	0	0	0	0	0	0	0	0
24	Japan	0	0	0	0	0	0	0	0	0	0	0	0	0	0	0	0	0	0	0	0	0	0	0	0	0	0	0	0	0	0	0	0	0	0	0	0	0
25	India	0	0	0	0	0	12	0	3	0	1504	0	0	0	0	0	45677	0	141245	232114	18812	0	4435	0	1294413	653689	99853	1653	31	1	0	117	0	19280	13	0	22	0
26	South_x002D_Eastern_x0020_Asia	27	0	332	0	12	26	0	2	0	4	0	0	0	0	0	0	0	11	39152	400	0	19361	2	0	2607	34	0	23	0	0	1	0	0	7	0	0	0
27	Southern_x0020_Asia_x0020__x0028_other_x0029_	0	0	0	0	0	0	0	0	0	744	0	0	0	0	0	66	0	7490	20900	62	0	0	1033	59773	0	253	0	0	14	0	0	0	0	0	0	0	0
28	Eastern_x0020_Africa	0	0	0	0	0	0	0	0	0	288	0	0	0	0	0	0	0	11	0	0	0	0	0	0	0	0	5739	2303	0	0	0	0	17493	0	0	0	0
29	Middle_x0020_Africa	0	0	0	0	0	0	0	0	0	1	0	0	0	0	0	0	0	0	0	0	0	0	0	0	0	0	0	0	0	0	0	0	0	0	0	0	0
30	Southern_x0020_Africa	358	0	0	0	0	3	31	1	0	2205	0	0	0	8	0	36803	0	432	0	0	0	0	0	14830	0	1549797	8605	0	46357	0	49	0	253	8	0	0	0
31	Western_x0020_Africa	0	0	0	0	0	0	0	0	0	131	0	0	0	0	0	0	0	0	0	0	0	0	0	0	0	0	106	0	0	0	0	0	0	0	0	0	0
32	Algeria	0	0	0	0	0	0	0	0	0	0	0	0	0	0	0	0	0	0	0	0	0	0	0	0	0	0	0	0	0	0	0	0	0	0	0	0	0
33	Egypt	0	0	0	0	0	1	0	0	0	266	0	0	1348	0	0	0	10	5922	0	5	0	0	0	0	57	0	0	0	7	0	0	0	1729	0	0	0	0
34	Morocco	0	0	0	0	0	0	0	0	0	0	0	0	0	0	0	0	0	0	0	0	0	0	0	0	0	0	3	0	870	0	0	0	0	0	0	0	0
35	Northern_x0020_Africa_x0020__x0028_other_x0029_	0	0	0	0	0	0	0	0	0	0	0	0	0	0	0	0	0	0	0	0	0	0	0	0	0	0	0	0	0	0	0	0	0	0	0	0	0
36	Australia_x0020_and_x0020_New_x0020_Zealand	1	0	1	0	10	5	0	0	0	270	0	0	0	0	0	0	0	38	7164	10199	0	758	0	3468	27	0	0	0	0	0	0	0	0	0	0	2850	12
37	Micronesia	0	0	0	0	0	0	0	0	0	0	0	0	0	0	0	0	0	0	0	0	0	0	0	0	0	0	0	0	0	0	0	0	0	0	0	0	0
38	Melanesia	0	0	0	0	0	0	0	0	0	0	0	0	0	0	0	0	0	0	0	0	0	0	0	0	0	0	0	0	0	0	0	0	0	0	0	0	6
39	Polynesia	0	0	0	0	0	0	0	0	0	0	0	0	0	0	0	0	0	0	0	0	0	0	0	0	0	0	0	0	0	0	0	0	0	0	0	0	0
